5
0.237813; 0.0551463
0.260611; 0.0553627
0.231247; 0.0550166
0.230691; 0.0547079
0.230691; 0.0547079
6
0.260611; 0.0553627
0.231247; 0.0550166
0.237813; 0.0551463
0.230691; 0.0547079
0.230691; 0.0547079
0.230691; 0.0547079
7
0.237813; 0.0551463
0.231247; 0.0550166
0.260611; 0.0553627
0.230691; 0.0547079
0.230691; 0.0547079
8
0.237813; 0.0551463
0.231247; 0.0550166
0.260611; 0.0553627
0.230691; 0.0547079
0.230691; 0.0547079
9
0.260611; 0.0553627
0.231247; 0.0550166
0.237813; 0.0551463
0.230691; 0.0547079
0.230691; 0.0547079
0.230691; 0.0547079
